isla_fix,cluster_hdbscan,Desconocido,Local,Turista
El Hierro,0,0.0,0.0,1.0
El Hierro,1,0.08208955223880597,0.0,0.917910447761194
El Hierro,2,0.06976744186046512,0.0,0.9302325581395349
El Hierro,3,0.0,0.0,1.0
El Hierro,4,0.19444444444444445,0.0,0.8055555555555556
El Hierro,5,0.0,0.0,1.0
El Hierro,6,0.0,0.6363636363636364,0.36363636363636365
El Hierro,7,0.0,0.0,1.0
El Hierro,8,0.0,0.0,1.0
El Hierro,9,0.07216494845360824,0.0,0.9278350515463918
El Hierro,10,0.037037037037037035,0.0,0.9629629629629629
El Hierro,11,0.08,0.0,0.92
El Hierro,12,0.01694915254237288,0.05084745762711865,0.9322033898305084
El Hierro,13,0.0,0.0,1.0
El Hierro,14,0.05084745762711865,0.0,0.9491525423728814
El Hierro,15,0.0,0.0,1.0
El Hierro,16,0.0,0.0,1.0
El Hierro,17,0.030612244897959183,0.0,0.9693877551020408
El Hierro,18,0.0,0.0,1.0
El Hierro,19,0.020833333333333332,0.0,0.9791666666666666
El Hierro,20,0.0,0.0,1.0
El Hierro,21,0.030303030303030304,0.0,0.9696969696969697
El Hierro,22,0.0,0.0136986301369863,0.9863013698630136
El Hierro,23,0.16666666666666666,0.020833333333333332,0.8125
El Hierro,24,0.0,0.026785714285714284,0.9732142857142857
Fuerteventura,0,0.017857142857142856,0.08928571428571429,0.8928571428571429
Fuerteventura,1,0.28,0.584,0.136
Fuerteventura,2,0.11627906976744186,0.5348837209302325,0.3488372093023256
Fuerteventura,3,0.0,0.0,1.0
Fuerteventura,4,0.0,0.5757575757575758,0.42424242424242425
Fuerteventura,5,0.0,0.0,1.0
Fuerteventura,6,0.0,0.9851851851851852,0.014814814814814815
Fuerteventura,7,0.14814814814814814,0.6666666666666666,0.18518518518518517
Fuerteventura,8,0.0,0.9032258064516129,0.0967741935483871
Fuerteventura,9,0.0,0.0,1.0
Fuerteventura,10,0.36363636363636365,0.09090909090909091,0.5454545454545454
Fuerteventura,11,0.2608695652173913,0.0,0.7391304347826086
Fuerteventura,12,0.0,0.8695652173913043,0.13043478260869565
Fuerteventura,13,0.03125,0.0,0.96875
Fuerteventura,14,0.029411764705882353,0.08823529411764706,0.8823529411764706
Fuerteventura,15,0.0,0.8857142857142857,0.11428571428571428
Fuerteventura,16,0.2647058823529412,0.0,0.7352941176470589
Fuerteventura,17,0.5,0.0,0.5
Fuerteventura,18,0.0,0.0,1.0
Fuerteventura,19,0.0,0.391304347826087,0.6086956521739131
Fuerteventura,20,0.0,0.125,0.875
Fuerteventura,21,0.0,0.7142857142857143,0.2857142857142857
Fuerteventura,22,0.6896551724137931,0.0,0.3103448275862069
Fuerteventura,23,0.05454545454545454,0.10909090909090909,0.8363636363636363
Fuerteventura,24,0.09230769230769231,0.0,0.9076923076923077
Fuerteventura,25,0.0,0.18181818181818182,0.8181818181818182
Fuerteventura,26,0.0,0.8461538461538461,0.15384615384615385
Fuerteventura,27,0.0,0.0,1.0
Fuerteventura,28,0.037037037037037035,0.07407407407407407,0.8888888888888888
Fuerteventura,29,0.0,1.0,0.0
Fuerteventura,30,0.0,0.9523809523809523,0.047619047619047616
Fuerteventura,31,0.011235955056179775,0.9887640449438202,0.0
Fuerteventura,32,0.0,0.9230769230769231,0.07692307692307693
Fuerteventura,33,0.05172413793103448,0.6551724137931034,0.29310344827586204
Fuerteventura,34,0.175,0.2,0.625
Fuerteventura,35,0.0,1.0,0.0
Fuerteventura,36,0.0,0.6,0.4
Fuerteventura,37,0.0,1.0,0.0
Fuerteventura,38,0.0,1.0,0.0
Fuerteventura,39,0.09523809523809523,0.3333333333333333,0.5714285714285714
Fuerteventura,40,0.17391304347826086,0.2826086956521739,0.5434782608695652
Fuerteventura,41,0.0,0.6944444444444444,0.3055555555555556
Fuerteventura,42,0.12903225806451613,0.5483870967741935,0.3225806451612903
Fuerteventura,43,0.0,0.9393939393939394,0.06060606060606061
Fuerteventura,44,0.01098901098901099,0.8021978021978022,0.18681318681318682
Fuerteventura,45,0.0,0.9583333333333334,0.041666666666666664
Fuerteventura,46,0.0,0.85,0.15
Fuerteventura,47,0.0,1.0,0.0
Fuerteventura,48,0.0,1.0,0.0
Fuerteventura,49,0.14423076923076922,0.028846153846153848,0.8269230769230769
Fuerteventura,50,0.0,0.8913043478260869,0.10869565217391304
Fuerteventura,51,0.0,0.04,0.96
Fuerteventura,52,0.6792452830188679,0.32075471698113206,0.0
Fuerteventura,53,0.045454545454545456,0.8181818181818182,0.13636363636363635
Fuerteventura,54,0.03571428571428571,0.5714285714285714,0.39285714285714285
Fuerteventura,55,0.15384615384615385,0.5384615384615384,0.3076923076923077
Fuerteventura,56,0.020833333333333332,0.20833333333333334,0.7708333333333334
Fuerteventura,57,0.0,0.0,1.0
Fuerteventura,58,0.23255813953488372,0.0,0.7674418604651163
Fuerteventura,59,0.0,0.0,1.0
Fuerteventura,60,0.21875,0.125,0.65625
Fuerteventura,61,0.0,1.0,0.0
Fuerteventura,62,0.0,0.0,1.0
Fuerteventura,63,0.6,0.0,0.4
Fuerteventura,64,0.07142857142857142,0.42857142857142855,0.5
Fuerteventura,65,0.043478260869565216,0.043478260869565216,0.9130434782608695
Fuerteventura,66,0.1282051282051282,0.46153846153846156,0.41025641025641024
Fuerteventura,67,0.2222222222222222,0.6888888888888889,0.08888888888888889
Fuerteventura,68,0.5483870967741935,0.3225806451612903,0.12903225806451613
Fuerteventura,69,0.0,0.9761904761904762,0.023809523809523808
Fuerteventura,70,0.06349206349206349,0.2222222222222222,0.7142857142857143
Fuerteventura,71,0.30097087378640774,0.18446601941747573,0.5145631067961165
Fuerteventura,72,0.0,0.9767441860465116,0.023255813953488372
Fuerteventura,73,0.00909090909090909,0.990909090909091,0.0
Fuerteventura,74,0.14285714285714285,0.0,0.8571428571428571
Fuerteventura,75,0.0,0.0,1.0
Fuerteventura,76,0.9,0.0,0.1
Fuerteventura,77,0.05194805194805195,0.8051948051948052,0.14285714285714285
Fuerteventura,78,0.0,0.0,1.0
Fuerteventura,79,0.25,0.5416666666666666,0.20833333333333334
Fuerteventura,80,0.1694915254237288,0.3559322033898305,0.4745762711864407
Fuerteventura,81,0.2894736842105263,0.3684210526315789,0.34210526315789475
Fuerteventura,82,0.45,0.0,0.55
Fuerteventura,83,0.043478260869565216,0.17391304347826086,0.782608695652174
Fuerteventura,84,0.0,0.0,1.0
Fuerteventura,85,0.04878048780487805,0.0975609756097561,0.8536585365853658
Fuerteventura,86,0.2857142857142857,0.0,0.7142857142857143
Fuerteventura,87,0.06666666666666667,0.0,0.9333333333333333
Fuerteventura,88,0.0,0.0,1.0
Fuerteventura,89,0.18518518518518517,0.18518518518518517,0.6296296296296297
Fuerteventura,90,0.025210084033613446,0.9327731092436975,0.04201680672268908
Fuerteventura,91,0.08695652173913043,0.2608695652173913,0.6521739130434783
Fuerteventura,92,0.1111111111111111,0.037037037037037035,0.8518518518518519
Fuerteventura,93,0.13953488372093023,0.13953488372093023,0.7209302325581395
Fuerteventura,94,0.8,0.01818181818181818,0.18181818181818182
Fuerteventura,95,0.2,0.0,0.8
Fuerteventura,96,0.1111111111111111,0.8095238095238095,0.07936507936507936
Fuerteventura,97,0.16,0.0,0.84
Fuerteventura,98,0.25,0.07142857142857142,0.6785714285714286
Fuerteventura,99,0.13636363636363635,0.045454545454545456,0.8181818181818182
Fuerteventura,100,0.013333333333333334,0.9333333333333333,0.05333333333333334
Fuerteventura,101,0.02702702702702703,0.05405405405405406,0.918918918918919
Fuerteventura,102,0.17647058823529413,0.20588235294117646,0.6176470588235294
Fuerteventura,103,0.23529411764705882,0.0,0.7647058823529411
Gran Canaria,0,0.573170731707317,0.3048780487804878,0.12195121951219512
Gran Canaria,1,0.1388888888888889,0.6388888888888888,0.2222222222222222
Gran Canaria,2,0.06329113924050633,0.4810126582278481,0.45569620253164556
Gran Canaria,3,0.5581395348837209,0.09302325581395349,0.3488372093023256
Gran Canaria,4,0.0,0.9487179487179487,0.05128205128205128
Gran Canaria,5,0.3125,0.5,0.1875
Gran Canaria,6,0.0,1.0,0.0
Gran Canaria,7,0.0,0.9523809523809523,0.047619047619047616
Gran Canaria,8,0.09523809523809523,0.0,0.9047619047619048
Gran Canaria,9,0.23529411764705882,0.0,0.7647058823529411
Gran Canaria,10,0.17647058823529413,0.0,0.8235294117647058
Gran Canaria,11,0.0625,0.9375,0.0
Gran Canaria,12,0.08695652173913043,0.0,0.9130434782608695
Gran Canaria,13,0.04819277108433735,0.21686746987951808,0.7349397590361446
Gran Canaria,14,0.12903225806451613,0.0967741935483871,0.7741935483870968
Gran Canaria,15,0.0,0.0,1.0
Gran Canaria,16,0.02702702702702703,0.0,0.972972972972973
Gran Canaria,17,0.12,0.0,0.88
Gran Canaria,18,0.02564102564102564,0.3076923076923077,0.6666666666666666
Gran Canaria,19,0.0,0.0,1.0
Gran Canaria,20,0.014925373134328358,0.19402985074626866,0.7910447761194029
Gran Canaria,21,1.0,0.0,0.0
Gran Canaria,22,0.0,0.0,1.0
Gran Canaria,23,0.056074766355140186,0.17757009345794392,0.7663551401869159
Gran Canaria,24,0.0,0.0,1.0
Gran Canaria,25,0.013888888888888888,0.9583333333333334,0.027777777777777776
Gran Canaria,26,0.20618556701030927,0.4639175257731959,0.32989690721649484
Gran Canaria,27,0.20481927710843373,0.1686746987951807,0.6265060240963856
Gran Canaria,28,0.203125,0.6640625,0.1328125
Gran Canaria,29,0.28378378378378377,0.02702702702702703,0.6891891891891891
Gran Canaria,30,0.0,0.9393939393939394,0.06060606060606061
Gran Canaria,31,0.0,0.057692307692307696,0.9423076923076923
Gran Canaria,32,0.0,0.0,1.0
Gran Canaria,33,0.023255813953488372,0.13953488372093023,0.8372093023255814
Gran Canaria,34,0.08695652173913043,0.021739130434782608,0.8913043478260869
Gran Canaria,35,0.022727272727272728,0.4772727272727273,0.5
Gran Canaria,36,0.0,0.0,1.0
Gran Canaria,37,0.0,0.0,1.0
Gran Canaria,38,0.6111111111111112,0.1111111111111111,0.2777777777777778
Gran Canaria,39,0.4157303370786517,0.07865168539325842,0.5056179775280899
Gran Canaria,40,0.3055555555555556,0.3333333333333333,0.3611111111111111
Gran Canaria,41,0.10869565217391304,0.07246376811594203,0.8188405797101449
Gran Canaria,42,0.02857142857142857,0.0,0.9714285714285714
Gran Canaria,43,0.07333333333333333,0.92,0.006666666666666667
Gran Canaria,44,0.0,1.0,0.0
Gran Canaria,45,0.2857142857142857,0.42857142857142855,0.2857142857142857
Gran Canaria,46,0.16326530612244897,0.0,0.8367346938775511
Gran Canaria,47,0.0,0.9736842105263158,0.02631578947368421
Gran Canaria,48,0.0,1.0,0.0
Gran Canaria,49,0.05925925925925926,0.9333333333333333,0.007407407407407408
Gran Canaria,50,0.125,0.875,0.0
Gran Canaria,51,0.0,1.0,0.0
Gran Canaria,52,0.0,1.0,0.0
Gran Canaria,53,0.0,0.03076923076923077,0.9692307692307692
Gran Canaria,54,0.21153846153846154,0.19230769230769232,0.5961538461538461
Gran Canaria,55,0.0,1.0,0.0
Gran Canaria,56,0.13157894736842105,0.0,0.868421052631579
Gran Canaria,57,0.0,0.9881656804733728,0.011834319526627219
Gran Canaria,58,0.13636363636363635,0.011363636363636364,0.8522727272727273
Gran Canaria,59,0.05263157894736842,0.881578947368421,0.06578947368421052
Gran Canaria,60,0.04878048780487805,0.24390243902439024,0.7073170731707317
Gran Canaria,61,0.0,0.044444444444444446,0.9555555555555556
Gran Canaria,62,0.1076923076923077,0.6,0.2923076923076923
Gran Canaria,63,0.0,0.0,1.0
Gran Canaria,64,0.025974025974025976,0.948051948051948,0.025974025974025976
Gran Canaria,65,0.0,1.0,0.0
Gran Canaria,66,0.30303030303030304,0.21212121212121213,0.48484848484848486
Gran Canaria,67,0.38181818181818183,0.0,0.6181818181818182
Gran Canaria,68,0.027777777777777776,0.9444444444444444,0.027777777777777776
Gran Canaria,69,0.0,0.9876543209876543,0.012345679012345678
Gran Canaria,70,0.43478260869565216,0.0,0.5652173913043478
Gran Canaria,71,0.05714285714285714,0.0,0.9428571428571428
Gran Canaria,72,0.061224489795918366,0.061224489795918366,0.8775510204081632
Gran Canaria,73,0.0967741935483871,0.7741935483870968,0.12903225806451613
Gran Canaria,74,0.0,1.0,0.0
Gran Canaria,75,0.19387755102040816,0.16326530612244897,0.6428571428571429
Gran Canaria,76,0.0,0.9478260869565217,0.05217391304347826
Gran Canaria,77,0.038461538461538464,0.038461538461538464,0.9230769230769231
Gran Canaria,78,0.058823529411764705,0.047058823529411764,0.8941176470588236
Gran Canaria,79,0.375,0.25,0.375
Gran Canaria,80,0.04,0.0,0.96
Gran Canaria,81,0.11594202898550725,0.057971014492753624,0.8260869565217391
Gran Canaria,82,0.07142857142857142,0.11904761904761904,0.8095238095238095
Gran Canaria,83,0.08695652173913043,0.10869565217391304,0.8043478260869565
Gran Canaria,84,0.4111111111111111,0.3333333333333333,0.25555555555555554
Gran Canaria,85,0.9272727272727272,0.0,0.07272727272727272
Gran Canaria,86,0.06060606060606061,0.0,0.9393939393939394
Gran Canaria,87,0.03361344537815126,0.025210084033613446,0.9411764705882353
Gran Canaria,88,0.044444444444444446,0.06666666666666667,0.8888888888888888
Gran Canaria,89,0.0,0.0,1.0
Gran Canaria,90,0.0,0.0,1.0
Gran Canaria,91,0.0,0.0,1.0
Gran Canaria,92,0.14285714285714285,0.12698412698412698,0.7301587301587301
Gran Canaria,93,0.023255813953488372,0.11627906976744186,0.8604651162790697
Gran Canaria,94,0.0,0.9666666666666667,0.03333333333333333
Gran Canaria,95,0.2826086956521739,0.43478260869565216,0.2826086956521739
Gran Canaria,96,0.0,0.9285714285714286,0.07142857142857142
Gran Canaria,97,0.02631578947368421,0.013157894736842105,0.9605263157894737
Gran Canaria,98,0.0,1.0,0.0
Gran Canaria,99,0.0,0.0,1.0
Gran Canaria,100,0.0,0.9375,0.0625
Gran Canaria,101,0.04583333333333333,0.1125,0.8416666666666667
Gran Canaria,102,0.14705882352941177,0.47058823529411764,0.38235294117647056
Gran Canaria,103,0.14084507042253522,0.07042253521126761,0.7887323943661971
Gran Canaria,104,0.10309278350515463,0.1134020618556701,0.7835051546391752
Gran Canaria,105,0.0625,0.0,0.9375
Gran Canaria,106,0.013157894736842105,0.0,0.9868421052631579
Gran Canaria,107,1.0,0.0,0.0
Gran Canaria,108,0.948051948051948,0.012987012987012988,0.03896103896103896
Gran Canaria,109,0.987012987012987,0.0,0.012987012987012988
Gran Canaria,110,0.9655172413793104,0.017241379310344827,0.017241379310344827
Gran Canaria,111,0.6129032258064516,0.0,0.3870967741935484
Gran Canaria,112,0.9047619047619048,0.09523809523809523,0.0
Gran Canaria,113,0.1206896551724138,0.13793103448275862,0.7413793103448276
Gran Canaria,114,0.02857142857142857,0.0,0.9714285714285714
Gran Canaria,115,0.02040816326530612,0.24489795918367346,0.7346938775510204
Gran Canaria,116,0.92,0.08,0.0
Gran Canaria,117,0.1016949152542373,0.8813559322033898,0.01694915254237288
Gran Canaria,118,0.025974025974025976,0.06493506493506493,0.9090909090909091
Gran Canaria,119,0.8857142857142857,0.02857142857142857,0.08571428571428572
Gran Canaria,120,0.5135135135135135,0.02702702702702703,0.4594594594594595
Gran Canaria,121,0.0,0.3157894736842105,0.6842105263157895
Gran Canaria,122,0.0,0.0,1.0
Gran Canaria,123,1.0,0.0,0.0
Gran Canaria,124,0.0,0.0,1.0
Gran Canaria,125,1.0,0.0,0.0
Gran Canaria,126,1.0,0.0,0.0
Gran Canaria,127,0.14285714285714285,0.0,0.8571428571428571
Gran Canaria,128,0.8842105263157894,0.11578947368421053,0.0
Gran Canaria,129,0.10714285714285714,0.0,0.8928571428571429
Gran Canaria,130,0.16326530612244897,0.0,0.8367346938775511
Gran Canaria,131,0.0,0.0,1.0
Gran Canaria,132,0.0,0.0,1.0
Gran Canaria,133,0.21153846153846154,0.11538461538461539,0.6730769230769231
Gran Canaria,134,0.9487179487179487,0.05128205128205128,0.0
Gran Canaria,135,0.04,0.013333333333333334,0.9466666666666667
Gran Canaria,136,0.0641025641025641,0.21794871794871795,0.717948717948718
Gran Canaria,137,0.0,0.0,1.0
Gran Canaria,138,0.0,0.0,1.0
Gran Canaria,139,1.0,0.0,0.0
Gran Canaria,140,1.0,0.0,0.0
Gran Canaria,141,0.11475409836065574,0.22950819672131148,0.6557377049180327
Gran Canaria,142,0.10240963855421686,0.39156626506024095,0.5060240963855421
Gran Canaria,143,0.0,0.8787878787878788,0.12121212121212122
Gran Canaria,144,0.04878048780487805,0.0,0.9512195121951219
Gran Canaria,145,0.1437908496732026,0.35947712418300654,0.49673202614379086
Gran Canaria,146,0.8,0.0,0.2
Gran Canaria,147,0.8709677419354839,0.0,0.12903225806451613
Gran Canaria,148,0.0,0.0,1.0
Gran Canaria,149,0.08571428571428572,0.0,0.9142857142857143
Gran Canaria,150,0.0,0.7419354838709677,0.25806451612903225
Gran Canaria,151,0.10526315789473684,0.017543859649122806,0.8771929824561403
Gran Canaria,152,0.4533333333333333,0.08,0.4666666666666667
Gran Canaria,153,0.02857142857142857,0.0,0.9714285714285714
Gran Canaria,154,0.08181818181818182,0.6272727272727273,0.2909090909090909
Gran Canaria,155,0.34375,0.40625,0.25
Gran Canaria,156,0.17647058823529413,0.0,0.8235294117647058
Gran Canaria,157,0.0,0.9393939393939394,0.06060606060606061
Gran Canaria,158,0.05,0.725,0.225
Gran Canaria,159,0.06382978723404255,0.6382978723404256,0.2978723404255319
Gran Canaria,160,0.054945054945054944,0.054945054945054944,0.8901098901098901
Gran Canaria,161,0.008130081300813009,0.2032520325203252,0.7886178861788617
Gran Canaria,162,0.25892857142857145,0.36607142857142855,0.375
Gran Canaria,163,0.34782608695652173,0.14492753623188406,0.5072463768115942
Gran Canaria,164,0.017543859649122806,0.0,0.9824561403508771
Gran Canaria,165,0.3333333333333333,0.16666666666666666,0.5
Gran Canaria,166,0.0,0.8666666666666667,0.13333333333333333
Gran Canaria,167,0.03773584905660377,0.0,0.9622641509433962
Gran Canaria,168,0.07142857142857142,0.21428571428571427,0.7142857142857143
Gran Canaria,169,0.06521739130434782,0.06521739130434782,0.8695652173913043
Gran Canaria,170,0.0,0.025,0.975
Gran Canaria,171,0.0049504950495049506,0.0,0.995049504950495
Gran Canaria,172,0.0,0.031746031746031744,0.9682539682539683
Gran Canaria,173,0.0,0.90625,0.09375
Gran Canaria,174,0.06896551724137931,0.0,0.9310344827586207
Gran Canaria,175,0.24,0.28,0.48
Gran Canaria,176,0.0989010989010989,0.11538461538461539,0.7857142857142857
Gran Canaria,177,0.0,0.2857142857142857,0.7142857142857143
Gran Canaria,178,0.0,0.0,1.0
Gran Canaria,179,0.06666666666666667,0.6666666666666666,0.26666666666666666
Gran Canaria,180,0.0,0.0,1.0
Gran Canaria,181,0.008849557522123894,0.1504424778761062,0.8407079646017699
Gran Canaria,182,0.13333333333333333,0.4,0.4666666666666667
Gran Canaria,183,0.024390243902439025,0.24878048780487805,0.7268292682926829
La Gomera,0,0.2017167381974249,0.5407725321888412,0.2575107296137339
La Gomera,1,0.0,0.9714285714285714,0.02857142857142857
La Gomera,2,0.03333333333333333,0.0,0.9666666666666667
La Gomera,3,0.07142857142857142,0.7551020408163265,0.17346938775510204
La Gomera,4,0.11688311688311688,0.14285714285714285,0.7402597402597403
La Gomera,5,0.2413793103448276,0.017241379310344827,0.7413793103448276
La Gomera,6,0.01694915254237288,0.15254237288135594,0.8305084745762712
La Gomera,7,0.02197802197802198,0.07692307692307693,0.9010989010989011
La Gomera,8,0.13157894736842105,0.21052631578947367,0.6578947368421053
La Gomera,9,0.3902439024390244,0.024390243902439025,0.5853658536585366
La Gomera,10,0.0,0.20754716981132076,0.7924528301886793
La Gomera,11,0.15384615384615385,0.0,0.8461538461538461
La Gomera,12,0.23529411764705882,0.0,0.7647058823529411
La Gomera,13,0.0,0.0,1.0
La Gomera,14,0.0,0.08333333333333333,0.9166666666666666
La Gomera,15,0.0,0.14705882352941177,0.8529411764705882
La Gomera,16,0.1346153846153846,0.0,0.8653846153846154
La Gomera,17,0.0,1.0,0.0
La Gomera,18,0.00796812749003984,0.00796812749003984,0.9840637450199203
La Gomera,19,0.49019607843137253,0.058823529411764705,0.45098039215686275
La Gomera,20,0.2188679245283019,0.045283018867924525,0.7358490566037735
La Gomera,21,0.06666666666666667,0.4666666666666667,0.4666666666666667
La Gomera,22,0.0,0.3263888888888889,0.6736111111111112
La Gomera,23,0.9852941176470589,0.0,0.014705882352941176
La Gomera,24,0.05063291139240506,0.012658227848101266,0.9367088607594937
La Gomera,25,0.0,0.06896551724137931,0.9310344827586207
La Gomera,26,0.021739130434782608,0.1956521739130435,0.782608695652174
La Gomera,27,0.15,0.3,0.55
La Gomera,28,0.012987012987012988,0.11688311688311688,0.8701298701298701
La Gomera,29,0.0,0.2571428571428571,0.7428571428571429
La Gomera,30,0.030303030303030304,0.0,0.9696969696969697
La Gomera,31,0.0,0.08163265306122448,0.9183673469387755
La Gomera,32,0.0,0.08571428571428572,0.9142857142857143
La Gomera,33,0.34146341463414637,0.17073170731707318,0.4878048780487805
La Gomera,34,0.011627906976744186,0.005813953488372093,0.9825581395348837
La Gomera,35,0.20987654320987653,0.037037037037037035,0.7530864197530864
La Gomera,36,0.038834951456310676,0.02912621359223301,0.9320388349514563
La Gomera,37,0.019230769230769232,0.19230769230769232,0.7884615384615384
La Gomera,38,0.04411764705882353,0.17647058823529413,0.7794117647058824
La Gomera,39,0.5964912280701754,0.07017543859649122,0.3333333333333333
La Gomera,40,0.0,0.16129032258064516,0.8387096774193549
La Gomera,41,0.09210526315789473,0.7236842105263158,0.18421052631578946
La Gomera,42,0.029411764705882353,0.14705882352941177,0.8235294117647058
La Gomera,43,0.4772727272727273,0.06818181818181818,0.45454545454545453
La Gomera,44,0.11956521739130435,0.1956521739130435,0.6847826086956522
La Palma,0,0.0,0.017241379310344827,0.9827586206896551
La Palma,1,0.125,0.8,0.075
La Palma,2,0.16666666666666666,0.6333333333333333,0.2
La Palma,3,0.10869565217391304,0.3695652173913043,0.5217391304347826
La Palma,4,0.17307692307692307,0.019230769230769232,0.8076923076923077
La Palma,5,0.3111111111111111,0.0,0.6888888888888889
La Palma,6,0.025,0.75,0.225
La Palma,7,0.11320754716981132,0.33962264150943394,0.5471698113207547
La Palma,8,0.0,0.14705882352941177,0.8529411764705882
La Palma,9,0.16279069767441862,0.2558139534883721,0.5813953488372093
La Palma,10,0.6176470588235294,0.08823529411764706,0.29411764705882354
La Palma,11,0.09836065573770492,0.4262295081967213,0.47540983606557374
La Palma,12,0.21052631578947367,0.05263157894736842,0.7368421052631579
La Palma,13,0.0,0.18181818181818182,0.8181818181818182
La Palma,14,0.044444444444444446,0.4222222222222222,0.5333333333333333
La Palma,15,0.08196721311475409,0.5901639344262295,0.32786885245901637
La Palma,16,0.1111111111111111,0.14814814814814814,0.7407407407407407
La Palma,17,0.07894736842105263,0.18421052631578946,0.7368421052631579
La Palma,18,0.00975609756097561,0.43902439024390244,0.551219512195122
La Palma,19,0.07142857142857142,0.30357142857142855,0.625
La Palma,20,0.08823529411764706,0.029411764705882353,0.8823529411764706
La Palma,21,0.0,0.0,1.0
La Palma,22,0.0,0.0,1.0
La Palma,23,0.0,0.0,1.0
La Palma,24,0.11801242236024845,0.2670807453416149,0.6149068322981367
La Palma,25,0.05555555555555555,0.0,0.9444444444444444
La Palma,26,0.06,0.02,0.92
La Palma,27,0.07253886010362694,0.02072538860103627,0.9067357512953368
La Palma,28,0.1509433962264151,0.03773584905660377,0.8113207547169812
La Palma,29,0.1643835616438356,0.1506849315068493,0.684931506849315
La Palma,30,0.0,0.0,1.0
La Palma,31,0.0,0.0,1.0
La Palma,32,0.0,0.28125,0.71875
La Palma,33,0.0,0.0,1.0
La Palma,34,0.0,0.0,1.0
La Palma,35,0.0,0.0,1.0
La Palma,36,0.0,0.0,1.0
La Palma,37,0.0,0.13953488372093023,0.8604651162790697
La Palma,38,0.07692307692307693,0.3076923076923077,0.6153846153846154
La Palma,39,0.022727272727272728,0.2727272727272727,0.7045454545454546
La Palma,40,0.0,0.0,1.0
La Palma,41,0.06896551724137931,0.0,0.9310344827586207
La Palma,42,0.08333333333333333,0.4861111111111111,0.4305555555555556
La Palma,43,0.010526315789473684,0.09473684210526316,0.8947368421052632
La Palma,44,0.25925925925925924,0.48148148148148145,0.25925925925925924
La Palma,45,0.029411764705882353,0.17647058823529413,0.7941176470588235
La Palma,46,0.0,0.4909090909090909,0.509090909090909
La Palma,47,0.23809523809523808,0.0,0.7619047619047619
La Palma,48,0.08333333333333333,0.3055555555555556,0.6111111111111112
La Palma,49,0.036585365853658534,0.45121951219512196,0.5121951219512195
La Palma,50,0.0,0.0,1.0
La Palma,51,0.03571428571428571,0.3392857142857143,0.625
La Palma,52,0.0,0.0,1.0
La Palma,53,0.0,0.1951219512195122,0.8048780487804879
La Palma,54,0.03508771929824561,0.0,0.9649122807017544
La Palma,55,0.08333333333333333,0.125,0.7916666666666666
La Palma,56,0.0035460992907801418,0.0,0.9964539007092199
La Palma,57,0.0,0.0,1.0
La Palma,58,0.0,0.0,1.0
La Palma,59,0.08955223880597014,0.16417910447761194,0.746268656716418
La Palma,60,0.0125,0.025,0.9625
La Palma,61,0.013888888888888888,0.20833333333333334,0.7777777777777778
La Palma,62,0.0,0.07042253521126761,0.9295774647887324
La Palma,63,0.0,0.0,1.0
La Palma,64,0.0,1.0,0.0
La Palma,65,0.02564102564102564,0.0,0.9743589743589743
La Palma,66,0.014184397163120567,0.0070921985815602835,0.9787234042553191
La Palma,67,0.0,0.0,1.0
La Palma,68,0.03,0.0,0.97
La Palma,69,0.0,0.0,1.0
La Palma,70,0.0,0.0,1.0
La Palma,71,0.0,0.0,1.0
La Palma,72,0.0,0.0,1.0
La Palma,73,0.03333333333333333,0.25555555555555554,0.7111111111111111
La Palma,74,0.0,0.03125,0.96875
La Palma,75,0.1282051282051282,0.05128205128205128,0.8205128205128205
La Palma,76,0.0,0.08108108108108109,0.918918918918919
La Palma,77,0.0,0.45161290322580644,0.5483870967741935
La Palma,78,0.0,0.11842105263157894,0.881578947368421
La Palma,79,0.0,0.0,1.0
La Palma,80,0.0,0.0,1.0
La Palma,81,0.0,0.02,0.98
La Palma,82,0.0,0.0,1.0
La Palma,83,0.0,0.025,0.975
La Palma,84,0.08333333333333333,0.17708333333333334,0.7395833333333334
La Palma,85,0.007518796992481203,0.0,0.9924812030075187
La Palma,86,0.0,0.0,1.0
La Palma,87,0.0,0.0,1.0
La Palma,88,0.02,0.0,0.98
La Palma,89,0.0,0.0,1.0
La Palma,90,0.0,0.22,0.78
La Palma,91,0.0,0.0,1.0
La Palma,92,0.0,0.0,1.0
La Palma,93,0.0,0.0,1.0
La Palma,94,0.02127659574468085,0.0851063829787234,0.8936170212765957
La Palma,95,0.0,0.0,1.0
La Palma,96,0.0,0.0,1.0
La Palma,97,0.0,0.0,1.0
La Palma,98,0.0,0.0,1.0
La Palma,99,0.09615384615384616,0.0,0.9038461538461539
La Palma,100,0.0,0.0,1.0
La Palma,101,0.0,0.02564102564102564,0.9743589743589743
La Palma,102,0.0,0.0,1.0
La Palma,103,0.0,0.0,1.0
La Palma,104,0.024,0.28,0.696
La Palma,105,0.0,0.0,1.0
La Palma,106,0.26785714285714285,0.125,0.6071428571428571
La Palma,107,0.0,0.0,1.0
La Palma,108,0.0,0.010752688172043012,0.989247311827957
La Palma,109,0.05925925925925926,0.16296296296296298,0.7777777777777778
La Palma,110,0.0,0.0,1.0
La Palma,111,0.0,0.08571428571428572,0.9142857142857143
La Palma,112,0.034782608695652174,0.13043478260869565,0.8347826086956521
Lanzarote,0,0.15384615384615385,0.5769230769230769,0.2692307692307692
Lanzarote,1,0.12658227848101267,0.5822784810126582,0.2911392405063291
Lanzarote,2,0.4878048780487805,0.4146341463414634,0.0975609756097561
Lanzarote,3,0.0,0.7333333333333333,0.26666666666666666
Lanzarote,4,0.047619047619047616,0.30952380952380953,0.6428571428571429
Lanzarote,5,0.1891891891891892,0.5945945945945946,0.21621621621621623
Lanzarote,6,0.037037037037037035,0.8518518518518519,0.1111111111111111
Lanzarote,7,0.011904761904761904,0.9761904761904762,0.011904761904761904
Lanzarote,8,0.1048951048951049,0.7272727272727273,0.16783216783216784
Lanzarote,9,0.01639344262295082,0.06557377049180328,0.9180327868852459
Lanzarote,10,0.0,0.030303030303030304,0.9696969696969697
Lanzarote,11,0.05747126436781609,0.11494252873563218,0.8275862068965517
Lanzarote,12,0.5492957746478874,0.0,0.4507042253521127
Lanzarote,13,0.17647058823529413,0.17647058823529413,0.6470588235294118
Lanzarote,14,0.3888888888888889,0.2777777777777778,0.3333333333333333
Lanzarote,15,0.11538461538461539,0.8461538461538461,0.038461538461538464
Lanzarote,16,0.020202020202020204,0.10101010101010101,0.8787878787878788
Lanzarote,17,1.0,0.0,0.0
Lanzarote,18,0.140625,0.03125,0.828125
Lanzarote,19,0.0,0.6896551724137931,0.3103448275862069
Lanzarote,20,0.30434782608695654,0.6608695652173913,0.034782608695652174
Lanzarote,21,0.0,0.6296296296296297,0.37037037037037035
Lanzarote,22,0.0,0.6911764705882353,0.3088235294117647
Lanzarote,23,0.05714285714285714,0.9428571428571428,0.0
Lanzarote,24,0.0,0.0,1.0
Lanzarote,25,0.0,1.0,0.0
Lanzarote,26,0.0,1.0,0.0
Lanzarote,27,0.08571428571428572,0.5142857142857142,0.4
Lanzarote,28,0.0,1.0,0.0
Lanzarote,29,0.0,0.5882352941176471,0.4117647058823529
Lanzarote,30,0.07692307692307693,0.7307692307692307,0.19230769230769232
Lanzarote,31,0.058004640371229696,0.20185614849187936,0.740139211136891
Lanzarote,32,0.0,0.0,1.0
Lanzarote,33,0.0,0.0,1.0
Lanzarote,34,0.0,0.0,1.0
Lanzarote,35,0.0,0.0,1.0
Lanzarote,36,0.0,0.46153846153846156,0.5384615384615384
Lanzarote,37,0.10071942446043165,0.28776978417266186,0.6115107913669064
Lanzarote,38,0.10227272727272728,0.375,0.5227272727272727
Lanzarote,39,0.0,0.05263157894736842,0.9473684210526315
Lanzarote,40,0.0,1.0,0.0
Lanzarote,41,0.9705882352941176,0.029411764705882353,0.0
Lanzarote,42,0.11428571428571428,0.7714285714285715,0.11428571428571428
Lanzarote,43,0.05714285714285714,0.45714285714285713,0.4857142857142857
Lanzarote,44,0.0375,0.8125,0.15
Lanzarote,45,0.10471204188481675,0.6387434554973822,0.25654450261780104
Lanzarote,46,0.27586206896551724,0.5862068965517241,0.13793103448275862
Lanzarote,47,1.0,0.0,0.0
Lanzarote,48,0.022222222222222223,0.13333333333333333,0.8444444444444444
Lanzarote,49,0.07526881720430108,0.6236559139784946,0.3010752688172043
Lanzarote,50,0.07407407407407407,0.7407407407407407,0.18518518518518517
Lanzarote,51,0.0,1.0,0.0
Lanzarote,52,0.5714285714285714,0.42857142857142855,0.0
Lanzarote,53,0.02926829268292683,0.12682926829268293,0.8439024390243902
Lanzarote,54,0.0,0.0,1.0
Lanzarote,55,0.0,0.6,0.4
Lanzarote,56,0.21428571428571427,0.7619047619047619,0.023809523809523808
Lanzarote,57,0.9722222222222222,0.0,0.027777777777777776
Lanzarote,58,0.11864406779661017,0.711864406779661,0.1694915254237288
Lanzarote,59,0.16304347826086957,0.3804347826086957,0.45652173913043476
Lanzarote,60,0.4090909090909091,0.022727272727272728,0.5681818181818182
Lanzarote,61,0.0,1.0,0.0
Lanzarote,62,0.06451612903225806,0.41935483870967744,0.5161290322580645
Lanzarote,63,0.0,1.0,0.0
Lanzarote,64,0.03225806451612903,0.9032258064516129,0.06451612903225806
Lanzarote,65,0.0,1.0,0.0
Lanzarote,66,1.0,0.0,0.0
Lanzarote,67,1.0,0.0,0.0
Lanzarote,68,0.0,1.0,0.0
Lanzarote,69,0.0,0.02702702702702703,0.972972972972973
Lanzarote,70,0.0,1.0,0.0
Lanzarote,71,0.0,1.0,0.0
Lanzarote,72,0.0,1.0,0.0
Lanzarote,73,0.0,1.0,0.0
Lanzarote,74,0.0,0.3103448275862069,0.6896551724137931
Lanzarote,75,0.16,0.48,0.36
Lanzarote,76,0.011363636363636364,0.375,0.6136363636363636
Lanzarote,77,0.5256410256410257,0.14102564102564102,0.3333333333333333
Lanzarote,78,0.1746031746031746,0.07936507936507936,0.746031746031746
Lanzarote,79,0.038461538461538464,0.6923076923076923,0.2692307692307692
Lanzarote,80,0.07317073170731707,0.5853658536585366,0.34146341463414637
Lanzarote,81,0.0,1.0,0.0
Lanzarote,82,0.06557377049180328,0.32786885245901637,0.6065573770491803
Lanzarote,83,0.0975609756097561,0.6341463414634146,0.2682926829268293
Lanzarote,84,0.02564102564102564,0.5384615384615384,0.4358974358974359
Lanzarote,85,0.0,1.0,0.0
Lanzarote,86,0.0,0.0,1.0
Lanzarote,87,0.012738853503184714,0.0,0.9872611464968153
Lanzarote,88,0.26865671641791045,0.5970149253731343,0.13432835820895522
Lanzarote,89,0.1839080459770115,0.8045977011494253,0.011494252873563218
Lanzarote,90,0.0,1.0,0.0
Lanzarote,91,0.32,0.16,0.52
Lanzarote,92,0.17777777777777778,0.6,0.2222222222222222
Lanzarote,93,0.014492753623188406,0.927536231884058,0.057971014492753624
Lanzarote,94,0.0,0.03571428571428571,0.9642857142857143
Lanzarote,95,0.4418604651162791,0.37209302325581395,0.18604651162790697
Lanzarote,96,0.11320754716981132,0.8113207547169812,0.07547169811320754
Lanzarote,97,0.0,1.0,0.0
Lanzarote,98,0.0,1.0,0.0
Lanzarote,99,0.0,0.7272727272727273,0.2727272727272727
Lanzarote,100,0.0625,0.09375,0.84375
Lanzarote,101,0.5,0.5,0.0
Lanzarote,102,0.0,0.5925925925925926,0.4074074074074074
Lanzarote,103,0.0,1.0,0.0
Lanzarote,104,0.046153846153846156,0.8769230769230769,0.07692307692307693
Lanzarote,105,0.0,1.0,0.0
Lanzarote,106,0.0,1.0,0.0
Lanzarote,107,0.3157894736842105,0.0,0.6842105263157895
Lanzarote,108,0.12,0.0,0.88
Lanzarote,109,0.027777777777777776,0.9444444444444444,0.027777777777777776
Lanzarote,110,0.008064516129032258,0.9758064516129032,0.016129032258064516
Lanzarote,111,0.0,0.9482758620689655,0.05172413793103448
Lanzarote,112,0.4883720930232558,0.023255813953488372,0.4883720930232558
Lanzarote,113,0.0,0.8536585365853658,0.14634146341463414
Lanzarote,114,0.1276595744680851,0.2553191489361702,0.6170212765957447
Lanzarote,115,0.0,1.0,0.0
Lanzarote,116,0.0,0.0,1.0
Lanzarote,117,0.0,0.0,1.0
Lanzarote,118,0.0,0.0,1.0
Lanzarote,119,0.14342629482071714,0.549800796812749,0.30677290836653387
Lanzarote,120,0.0,0.0,1.0
Lanzarote,121,0.012738853503184714,0.08917197452229299,0.8980891719745223
Lanzarote,122,0.10714285714285714,0.5357142857142857,0.35714285714285715
Lanzarote,123,0.2777777777777778,0.08333333333333333,0.6388888888888888
Lanzarote,124,0.12,0.36,0.52
Lanzarote,125,0.1095890410958904,0.410958904109589,0.4794520547945205
Lanzarote,126,0.10526315789473684,0.35964912280701755,0.5350877192982456
Lanzarote,127,0.0,0.0,1.0
Lanzarote,128,0.3484848484848485,0.3939393939393939,0.25757575757575757
Lanzarote,129,0.06779661016949153,0.9322033898305084,0.0
Lanzarote,130,0.06956521739130435,0.5,0.43043478260869567
Lanzarote,131,0.010638297872340425,0.09574468085106383,0.8936170212765957
Lanzarote,132,0.1206896551724138,0.5862068965517241,0.29310344827586204
Lanzarote,133,0.12,0.68,0.2
Lanzarote,134,0.1565217391304348,0.8260869565217391,0.017391304347826087
Lanzarote,135,0.0,1.0,0.0
Lanzarote,136,0.0,1.0,0.0
Lanzarote,137,0.0,1.0,0.0
Lanzarote,138,0.0945945945945946,0.5405405405405406,0.36486486486486486
Lanzarote,139,0.1111111111111111,0.2222222222222222,0.6666666666666666
Lanzarote,140,0.0,0.9104477611940298,0.08955223880597014
Lanzarote,141,0.0851063829787234,0.723404255319149,0.19148936170212766
Lanzarote,142,0.0,1.0,0.0
Lanzarote,143,0.15637860082304528,0.6090534979423868,0.2345679012345679
Lanzarote,144,0.0,0.08791208791208792,0.9120879120879121
Lanzarote,145,0.0,1.0,0.0
Lanzarote,146,0.0,1.0,0.0
Lanzarote,147,0.0,0.24444444444444444,0.7555555555555555
Lanzarote,148,0.018518518518518517,0.2777777777777778,0.7037037037037037
Lanzarote,149,0.0625,0.5,0.4375
Lanzarote,150,0.09655172413793103,0.5172413793103449,0.38620689655172413
Lanzarote,151,0.03333333333333333,0.9666666666666667,0.0
Lanzarote,152,0.1310344827586207,0.5310344827586206,0.33793103448275863
Lanzarote,153,0.10144927536231885,0.782608695652174,0.11594202898550725
Lanzarote,154,0.11428571428571428,0.3142857142857143,0.5714285714285714
Lanzarote,155,0.1945945945945946,0.35135135135135137,0.4540540540540541
Lanzarote,156,0.2619047619047619,0.23809523809523808,0.5
Lanzarote,157,0.1206896551724138,0.7586206896551724,0.1206896551724138
Lanzarote,158,0.013888888888888888,0.18518518518518517,0.8009259259259259
Lanzarote,159,0.2571428571428571,0.2857142857142857,0.45714285714285713
Lanzarote,160,0.022222222222222223,0.9333333333333333,0.044444444444444446
Lanzarote,161,0.18072289156626506,0.26506024096385544,0.5542168674698795
Lanzarote,162,0.06,0.28,0.66
Lanzarote,163,0.0,0.0,1.0
Lanzarote,164,0.0,0.0,1.0
Lanzarote,165,0.10810810810810811,0.5945945945945946,0.2972972972972973
Lanzarote,166,0.037037037037037035,0.1111111111111111,0.8518518518518519
Lanzarote,167,0.0,0.3448275862068966,0.6551724137931034
Lanzarote,168,0.13157894736842105,0.0,0.868421052631579
Lanzarote,169,0.0196078431372549,0.9607843137254902,0.0196078431372549
Lanzarote,170,0.05172413793103448,0.5172413793103449,0.43103448275862066
Lanzarote,171,0.0,0.14285714285714285,0.8571428571428571
Lanzarote,172,0.0,0.96875,0.03125
Lanzarote,173,0.0,1.0,0.0
Lanzarote,174,0.0,1.0,0.0
Lanzarote,175,0.0,0.0,1.0
Lanzarote,176,0.037037037037037035,0.4074074074074074,0.5555555555555556
Lanzarote,177,0.05405405405405406,0.32432432432432434,0.6216216216216216
Lanzarote,178,0.0,0.0,1.0
Lanzarote,179,0.14814814814814814,0.7407407407407407,0.1111111111111111
Lanzarote,180,0.0,0.0,1.0
Lanzarote,181,0.08823529411764706,0.3235294117647059,0.5882352941176471
Lanzarote,182,0.018518518518518517,0.5925925925925926,0.3888888888888889
Lanzarote,183,0.046511627906976744,0.3023255813953488,0.6511627906976745
Lanzarote,184,0.05263157894736842,0.4473684210526316,0.5
Lanzarote,185,0.0,0.6129032258064516,0.3870967741935484
Lanzarote,186,0.10344827586206896,0.1206896551724138,0.7758620689655172
Lanzarote,187,0.02857142857142857,0.8285714285714286,0.14285714285714285
Lanzarote,188,0.35294117647058826,0.2647058823529412,0.38235294117647056
Lanzarote,189,0.016666666666666666,0.016666666666666666,0.9666666666666667
Lanzarote,190,0.0,0.6333333333333333,0.36666666666666664
Lanzarote,191,0.006993006993006993,0.0,0.993006993006993
Lanzarote,192,0.07407407407407407,0.2962962962962963,0.6296296296296297
Lanzarote,193,0.11666666666666667,0.25,0.6333333333333333
Lanzarote,194,0.022727272727272728,0.2727272727272727,0.7045454545454546
Lanzarote,195,0.10256410256410256,0.2564102564102564,0.6410256410256411
Lanzarote,196,0.06,0.29,0.65
Lanzarote,197,0.0,0.25,0.75
Lanzarote,198,0.0,1.0,0.0
Lanzarote,199,0.0,1.0,0.0
Lanzarote,200,0.0,0.0,1.0
Lanzarote,201,0.0,0.09090909090909091,0.9090909090909091
Lanzarote,202,0.0,1.0,0.0
Lanzarote,203,0.04411764705882353,0.4264705882352941,0.5294117647058824
Lanzarote,204,0.04597701149425287,0.9540229885057471,0.0
Lanzarote,205,0.045454545454545456,0.9545454545454546,0.0
Lanzarote,206,0.08163265306122448,0.7551020408163265,0.16326530612244897
Lanzarote,207,0.0,1.0,0.0
Lanzarote,208,0.1652892561983471,0.30578512396694213,0.5289256198347108
Lanzarote,209,0.07142857142857142,0.0,0.9285714285714286
Lanzarote,210,0.9777777777777777,0.0,0.022222222222222223
Lanzarote,211,0.18947368421052632,0.5052631578947369,0.30526315789473685
Lanzarote,212,0.0,0.96,0.04
Lanzarote,213,0.625,0.0,0.375
Lanzarote,214,0.037037037037037035,0.1111111111111111,0.8518518518518519
Lanzarote,215,0.02040816326530612,0.10204081632653061,0.8775510204081632
Lanzarote,216,0.9743589743589743,0.0,0.02564102564102564
Lanzarote,217,0.02564102564102564,0.4358974358974359,0.5384615384615384
Lanzarote,218,0.03571428571428571,0.03571428571428571,0.9285714285714286
Lanzarote,219,0.4117647058823529,0.35294117647058826,0.23529411764705882
Lanzarote,220,0.14705882352941177,0.14705882352941177,0.7058823529411765
Lanzarote,221,0.38636363636363635,0.09090909090909091,0.5227272727272727
Lanzarote,222,0.125,0.3333333333333333,0.5416666666666666
Lanzarote,223,1.0,0.0,0.0
Lanzarote,224,0.3407079646017699,0.5398230088495575,0.11946902654867257
Lanzarote,225,0.75,0.0625,0.1875
Lanzarote,226,0.6714285714285714,0.24285714285714285,0.08571428571428572
Lanzarote,227,0.07142857142857142,0.8928571428571429,0.03571428571428571
Lanzarote,228,0.19230769230769232,0.8076923076923077,0.0
Lanzarote,229,0.0,0.022727272727272728,0.9772727272727273
Lanzarote,230,0.0,0.96875,0.03125
Lanzarote,231,0.0,1.0,0.0
Lanzarote,232,0.22857142857142856,0.7428571428571429,0.02857142857142857
Lanzarote,233,0.03488372093023256,0.09302325581395349,0.872093023255814
Lanzarote,234,0.0,1.0,0.0
Lanzarote,235,0.0,1.0,0.0
Lanzarote,236,0.0,1.0,0.0
Lanzarote,237,0.0,1.0,0.0
Lanzarote,238,0.0,1.0,0.0
Lanzarote,239,0.0,1.0,0.0
Lanzarote,240,0.22448979591836735,0.46938775510204084,0.30612244897959184
Lanzarote,241,0.0,0.0,1.0
Lanzarote,242,0.02564102564102564,0.0,0.9743589743589743
Lanzarote,243,0.41025641025641024,0.1282051282051282,0.46153846153846156
Lanzarote,244,0.575,0.275,0.15
Lanzarote,245,0.717948717948718,0.10256410256410256,0.1794871794871795
Lanzarote,246,0.21052631578947367,0.38596491228070173,0.40350877192982454
Lanzarote,247,0.2894736842105263,0.7105263157894737,0.0
Lanzarote,248,0.6785714285714286,0.21428571428571427,0.10714285714285714
Lanzarote,249,0.014925373134328358,0.05970149253731343,0.9253731343283582
Lanzarote,250,0.3142857142857143,0.6285714285714286,0.05714285714285714
Lanzarote,251,0.0,0.32,0.68
Lanzarote,252,0.0,1.0,0.0
Lanzarote,253,0.9642857142857143,0.03571428571428571,0.0
Lanzarote,254,0.05128205128205128,0.0641025641025641,0.8846153846153846
Lanzarote,255,0.0,1.0,0.0
Lanzarote,256,0.6363636363636364,0.18181818181818182,0.18181818181818182
Lanzarote,257,0.18032786885245902,0.6885245901639344,0.13114754098360656
Lanzarote,258,0.49411764705882355,0.23529411764705882,0.27058823529411763
Lanzarote,259,0.015625,0.015625,0.96875
Lanzarote,260,0.06896551724137931,0.8103448275862069,0.1206896551724138
Lanzarote,261,0.05952380952380952,0.16666666666666666,0.7738095238095238
Lanzarote,262,0.006535947712418301,0.13725490196078433,0.8562091503267973
Lanzarote,263,0.0,1.0,0.0
Lanzarote,264,0.0,1.0,0.0
Lanzarote,265,0.1935483870967742,0.0,0.8064516129032258
Lanzarote,266,0.0,0.0,1.0
Lanzarote,267,0.0,0.48,0.52
Lanzarote,268,0.0,1.0,0.0
Lanzarote,269,0.0,1.0,0.0
Lanzarote,270,0.0,1.0,0.0
Lanzarote,271,0.0,1.0,0.0
Lanzarote,272,0.0,1.0,0.0
